0.805719 -0.336429 0.0486443 -0.0700343 -0.0208143 0.0366407 -0.0177032 -0.000793688 -0.0390142 -0.0247461 0.122367 -0.459525 0
-0.0927388 -0.230674 0.186976 0.757245 0.00524266 -0.0903453 0.0247081 -0.0181163 -0.166737 0.468255 0.268762 -0.0371931 1.5404
-0.1539 0.397244 0.01988 -0.168084 -0.287265 0.3062 -0.0987639 -0.448662 -0.22914 0.104062 0.462529 -0.35393 4.68501e-07
0.163268 -0.0151936 0.030482 -0.0379423 -0.574435 0.124942 -0.0389581 -0.19514 0.505134 0.45771 -0.28361 0.201165 9.61556e-08
0.323143 0.0545495 -0.0473876 -0.128183 0.00989066 -0.0700645 0.00771282 0.0159317 -0.00925147 0.00245421 0.61585 0.69946 6.29015e-08
0.18253 0.506978 0.371337 -0.225766 0.414786 -0.194718 0.0796058 0.13632 -0.00796968 0.517643 -0.112605 -0.0722108 3.34339e-08
0.058606 -0.0926182 -0.461303 0.0598621 0.577481 0.177014 0.0302362 -0.578401 0.180293 0.171566 -0.0800529 0.0545383 1.45139e-08
0.173749 0.539103 -0.421775 0.404523 -0.0923638 -0.266162 0.080392 0.16207 0.365236 -0.188648 0.118955 -0.205932 -7.32435e-10
0.0848667 0.145451 -0.0219395 0.177124 0.144446 0.833889 -0.124385 0.447006 0.0532082 0.0268371 -0.0150804 0.0669874 -6.05977e-08
-0.260761 -0.265691 -0.471466 -0.35121 -0.00882572 -0.0872134 0.00447946 0.422749 0.110841 0.431759 0.284053 -0.223552 -7.79356e-08
-0.212801 -0.15582 0.455803 -0.0425037 0.211009 0.045408 0.0373213 -0.045882 0.692005 -0.199088 0.353383 -0.165537 -1.72078e-07
-0.0054998 -0.0182306 0.000433764 -0.0288318 -0.0861134 0.176314 0.978338 -0.00263315 -0.0545158 -0.00645231 0.0111338 -0.00364203 -3.49746e-07
